0.243300
0.253700
0.266000
0.278300
0.289100
0.302300
0.316600
0.332200
0.340400
0.347200
0.349100
0.346300
0.344000
0.343200
0.341300
0.339300
0.337400
0.335000
0.334000
0.332300
0.331800
0.333600
0.336400
0.339000
0.339800
0.341700
0.342100
0.341700
0.341200
0.339800
0.338700
0.336900
0.337600
0.335100
0.335600
0.335500
0.334800
0.336900
0.337200
0.339100
0.339300
0.339800
0.340300
0.339500
0.338800
0.337800
0.336400
0.336400
0.336600
0.335700
0.335600
0.335600
0.336800
0.336700
0.337600
0.338300
0.338500
0.338500
0.338100
0.337200
0.336800
0.335600
0.335800
0.336500
0.335300
0.335000
0.335300
0.335600
0.335400
0.336300
0.336800
0.336900
0.336600
0.336200
0.335900
0.334600
0.335100
0.334900
0.335400
0.334800
0.334300
0.334500
0.334200
0.334400
0.334400
0.335100
0.335400
0.335000
0.334400
0.334000
0.333200
0.334000
0.333700
0.333700
0.333700
0.333300
0.332800
0.332900
0.333400
0.332900
0.332800
0.333000
0.332400
0.332600
0.332100
0.332300
0.332400
0.332200
0.332100
0.331600
0.331500
0.331100
0.331700
0.331200
0.331300
0.331100
0.331100
0.330700
0.330500
0.330300
0.330400
